1461222907 804
1461821776 817
1463679443 832
1465315976 3003
1465316211 3004
1465316377 3003
1465318537 3003
1465319836 3019
1465320121 3019
1465322444 3028
1465323330 3028
1465323815 3028
1465391269 3022
1465393574 3028
1465402726 3028
1465404204 3028
1465406241 3028
1465406766 3028
1465409061 3028
1465410357 3028
1465411068 3028
1465446912 3007
1465449386 3007
1465451260 3007
1465453994 3007
1465455637 3007
1465456136 3007
1465458539 3007
1465534656 3009
1465648500 3015
1465649680 3015
1465651890 3015
1465817017 3028
1466781292 3030
1466783877 3031
1466784882 3031
1467187216 3031
1467187255 3031
1467256055 3038
1467269537 3090
1469796087 3190
1470034835 3201
1470038206 3505
1471870334 3548
1478690473 3685
1478693896 3872
1478835337 3876
1478844163 3883
1481192368 3960
1481803274 3977
1481877239 4693
1484304145 4691
1488784613 4696
1488787646 4705
1490259321 4713
1490259380 4713
1490263017 4718
1490773772 4729
1490773828 4729
1491537274 4734
1491537517 4734
1492695474 4740
1497837968 4931
1497837995 4931
1502775352 4935
1502797799 4944
1502802098 4953
1502848676 4987
1503286031 4994
1505893728 5222
1506050248 5231
1506066933 5233
1506505173 5240
1507862032 5258
1507862242 5263
1509436028 5268
1510664562 5354
1510812208 5344
1510818541 5349
1510831437 5349
1511175857 5433
1511175875 5433
1511180780 5537
1511230261 5537
1511233853 5568
1511235787 5601
1513157475 5615
1514958438 5809
1514964052 5809
1520859334 5813
1521010342 5815
1521020874 5815
1526613358 5815
1528114909 5833
1536653251 2166
1536659122 2227
1536663270 2233
1536663418 2259
